R 0.005 2.384185791015625e-07 0.9986292123794556 -0.0523359477519989 -0.9945216178894043 0.005470871925354004 0.10438520461320877 0.10452845692634583 0.052049241960048676 0.9931589365005493
V 0.005 -2.075764227171817e-09 -9.42230755640594e-08 -4.6613359451293945
P 0.005 -0.07700000703334808 0.020000027492642403 -2.2082011699676514
IMU 0.005 0.0013816523 0.0018627223 0.0021070049 1.5141375 0.7538395 14.38653
DVL 0.005 0.020477718 -0.038669735 -4.6509156
DEPTH 0.005 -2.181583
R 0.005 2.384185791015625e-07 0.9986292123794556 -0.0523359477519989 -0.9945216178894043 0.005470871925354004 0.10438520461320877 0.10452845692634583 0.052049241960048676 0.9931589365005493
V 0.005 -2.157491962861968e-09 -9.79328831363091e-08 -4.6380228996276855
P 0.005 -0.07700000703334808 0.020000027492642403 -2.2314348220825195
IMU 0.005 0.0033454425 -0.00046527182 0.0018001415 1.5101842 0.7510715 14.363597
DVL 0.005 0.041200478 0.019601911 -4.628536
DEPTH 0.005 -2.3171108
R 0.005 2.384185791015625e-07 0.9986292123794556 -0.0523359477519989 -0.9945216178894043 0.005470871925354004 0.10438520461320877 0.10452845692634583 0.052049241960048676 0.9931589365005493
V 0.005 -2.243389030098797e-09 -1.0183191534451908e-07 -4.61482572555542
P 0.005 -0.07700000703334808 0.0200000312179327 -2.2545526027679443
IMU 0.005 0.0010522014 -0.0015517313 0.000327956 1.5084476 0.74883026 14.339848
DVL 0.005 -0.03603806 0.03695091 -4.6046643
DEPTH 0.005 -2.4160461
R 0.005 2.384185791015625e-07 0.9986292123794556 -0.0523359477519989 -0.9945216178894043 0.005470871925354004 0.10438520461320877 0.10452845692634583 0.052049241960048676 0.9931589365005493
V 0.005 -2.3334392196261433e-09 -1.0591946164595356e-07 -4.591744422912598
P 0.005 -0.07700000703334808 0.0200000312179327 -2.277554512023926
IMU 0.005 0.00090102927 -8.5042266e-05 0.00051862234 1.5052513 0.74462664 14.3164015
DVL 0.005 -0.005075879 -0.028746562 -4.606135
DEPTH 0.005 -1.9680958
R 0.005 2.384185791015625e-07 0.9986292123794556 -0.0523359477519989 -0.9945216178894043 0.005470871925354004 0.10438520461320877 0.10452845692634583 0.052049241960048676 0.9931589365005493
V 0.005 -2.4231525674878185e-09 -1.0999170996228713e-07 -4.568778038024902
P 0.005 -0.07700000703334808 0.02000003308057785 -2.300441265106201
IMU 0.005 0.0034575006 -0.0014462703 0.001378883 1.5050428 0.7434385 14.292541
DVL 0.005 -0.0061962595 0.004847155 -4.5445876
DEPTH 0.005 -1.9593544
R 0.005 2.384185791015625e-07 0.9986292123794556 -0.0523359477519989 -0.9945216178894043 0.005470871925354004 0.10438520461320877 0.10452845692634583 0.052049241960048676 0.9931589365005493
V 0.005 -2.5214796917083504e-09 -1.1445496994610949e-07 -4.545926570892334
P 0.005 -0.07700000703334808 0.02000003308057785 -2.323213815689087
IMU 0.005 0.00029840716 1.2663441e-05 0.0021725395 1.5018843 0.74221736 14.270226
DVL 0.005 0.028505443 0.020765785 -4.527931
DEPTH 0.005 -1.9968679
R 0.005 2.384185791015625e-07 0.9986292123794556 -0.0523359477519989 -0.9945216178894043 0.005470871925354004 0.10438520461320877 0.10452845692634583 0.052049241960048676 0.9931589365005493
V 0.005 -2.6216786519484003e-09 -1.1900322505198346e-07 -4.523189067840576
P 0.005 -0.07700000703334808 0.02000003308057785 -2.345872402191162
IMU 0.005 0.0024014793 0.002707991 0.0013903485 1.4984655 0.74161357 14.247994
DVL 0.005 0.022599146 0.03802691 -4.541111
DEPTH 0.005 -2.4010062
R 0.005 2.384185791015625e-07 0.9986292123794556 -0.0523359477519989 -0.9945216178894043 0.005470871925354004 0.10438520461320877 0.10452845692634583 0.052049241960048676 0.9931589365005493
V 0.005 -2.721496361601794e-09 -1.2353415002053225e-07 -4.500565052032471
P 0.005 -0.07700000703334808 0.020000034943223 -2.368417501449585
IMU 0.005 0.0016587159 0.001257241 0.0023699077 1.495593 0.73961896 14.225868
DVL 0.005 -0.013833105 -0.011901018 -4.462006
DEPTH 0.005 -2.080376
R 0.005 2.384185791015625e-07 0.9986292123794556 -0.0523359477519989 -0.9945216178894043 0.005470871925354004 0.10438520461320877 0.10452845692634583 0.052049241960048676 0.9931589365005493
V 0.005 -2.8276561092610564e-09 -1.2835297980018368e-07 -4.478053569793701
P 0.005 -0.07700000703334808 0.02000003680586815 -2.3908498287200928
IMU 0.005 -0.00049915997 0.0009978436 0.0034033363 1.4930775 0.73737085 14.201777
DVL 0.005 0.009581756 -0.02037976 -4.451463
DEPTH 0.005 -2.0621283
R 0.005 2.384185791015625e-07 0.9986292123794556 -0.0523359477519989 -0.9945216178894043 0.005470871925354004 0.10438520461320877 0.10452845692634583 0.052049241960048676 0.9931589365005493
V 0.005 -2.942368571012821e-09 -1.33560021708945e-07 -4.455655097961426
P 0.005 -0.07700000703334808 0.02000003680586815 -2.413170099258423
IMU 0.005 -0.00025928585 0.0028107704 0.0046894792 1.4898562 0.73674953 14.181349
DVL 0.005 -0.020035038 0.024992201 -4.442648
DEPTH 0.005 -2.5526488
R 0.005 2.384185791015625e-07 0.9986292123794556 -0.0523359477519989 -0.9945216178894043 0.005470871925354004 0.10438520461320877 0.10452845692634583 0.052049241960048676 0.9931589365005493
V 0.005 -3.0611311263584184e-09 -1.3895086681259272e-07 -4.43336820602417
P 0.005 -0.07700000703334808 0.020000040531158447 -2.4353785514831543
IMU 0.005 0.00047202164 0.0019639283 0.0049917027 1.4861944 0.73580223 14.157643
DVL 0.005 0.018734884 0.0021168725 -4.458159
DEPTH 0.005 -2.596044
R 0.005 2.384185791015625e-07 0.9986292123794556 -0.0523359477519989 -0.9945216178894043 0.005470871925354004 0.10438520461320877 0.10452845692634583 0.052049241960048676 0.9931589365005493
V 0.005 -3.1839197944805164e-09 -1.4452449192958738e-07 -4.411192417144775
P 0.005 -0.07700000703334808 0.020000040531158447 -2.4574761390686035
IMU 0.005 0.0005094687 0.0031353743 0.0052210554 1.4863122 0.73329157 14.134696
DVL 0.005 0.029676482 0.046852503 -4.4145203
DEPTH 0.005 -2.233498
R 0.005 2.384185791015625e-07 0.9986292123794556 -0.0523359477519989 -0.9945216178894043 0.005470871925354004 0.10438520461320877 0.10452845692634583 0.052049241960048676 0.9931589365005493
V 0.005 -3.3062486082258147e-09 -1.5007721287929598e-07 -4.389127254486084
P 0.005 -0.07700000703334808 0.020000042393803596 -2.4794631004333496
IMU 0.005 -0.0017612004 0.0010218073 0.006310331 1.4832461 0.7328983 14.114055
DVL 0.005 -0.052913282 0.02669813 -4.4193277
DEPTH 0.005 -2.3153553
R 0.005 2.384185791015625e-07 0.9986292123794556 -0.0523359477519989 -0.9945216178894043 0.005470871925354004 0.10438520461320877 0.10452845692634583 0.052049241960048676 0.9931589365005493
V 0.005 -3.437069295841866e-09 -1.5601544589571859e-07 -4.3671722412109375
P 0.005 -0.07700000703334808 0.020000042393803596 -2.501339912414551
IMU 0.005 -0.00092212507 0.0037411093 0.007077267 1.4798096 0.7325973 14.093422
DVL 0.005 0.038004078 0.000121725694 -4.356178
DEPTH 0.005 -2.4336374
R 0.005 2.384185791015625e-07 0.9986292123794556 -0.0523359477519989 -0.9945216178894043 0.005470871925354004 0.10438520461320877 0.10452845692634583 0.052049241960048676 0.9931589365005493
V 0.005 -3.569634809963418e-09 -1.6203280495119543e-07 -4.345326900482178
P 0.005 -0.07700000703334808 0.020000044256448746 -2.5231075286865234
IMU 0.005 0.0001649078 0.002143576 0.007064846 1.4769961 0.7313239 14.073172
DVL 0.005 -0.00027369367 0.02272463 -4.3513055
DEPTH 0.005 -2.4186583
R 0.005 2.384185791015625e-07 0.9986292123794556 -0.0523359477519989 -0.9945216178894043 0.005470871925354004 0.10438520461320877 0.10452845692634583 0.052049241960048676 0.9931589365005493
V 0.005 -3.4106686364054895e-09 -1.6832355242968333e-07 -4.3235907554626465
P 0.005 -0.07699999958276749 0.020000047981739044 -2.5447661876678467
IMU 0.005 -0.00047977938 0.0021331476 0.004685886 1.4752743 0.73140454 14.050593
DVL 0.005 0.026906094 -0.021501668 -4.345057
DEPTH 0.005 -2.036757
R 0.005 2.384185791015625e-07 0.9986292123794556 -0.0523359477519989 -0.9945216178894043 0.005470871925354004 0.10438520461320877 0.10452845692634583 0.052049241960048676 0.9931589365005493
V 0.005 -3.5589990954321138e-09 -1.7500597948583163e-07 -4.301962852478027
P 0.005 -0.07699999958276749 0.020000047981739044 -2.5663163661956787
IMU 0.005 -0.0019985996 0.0016382334 0.004280815 1.4719737 0.73062027 14.030327
DVL 0.005 0.0057602474 -0.008439089 -4.2626953
DEPTH 0.005 -2.455281
R 0.005 2.384185791015625e-07 0.9986292123794556 -0.0523359477519989 -0.9945216178894043 0.005470871925354004 0.10438520461320877 0.10452845692634583 0.052049241960048676 0.9931589365005493
V 0.005 -3.7090086557611812e-09 -1.8176481830778357e-07 -4.28044319152832
P 0.005 -0.07699999958276749 0.020000049844384193 -2.587759256362915
IMU 0.005 -0.00275161 0.0030440493 0.0034601842 1.4689035 0.7293288 14.008631
DVL 0.005 -0.010433434 -0.048141286 -4.2590895
DEPTH 0.005 -3.241542
R 0.005 2.384185791015625e-07 0.9986292123794556 -0.0523359477519989 -0.9945216178894043 0.005470871925354004 0.10438520461320877 0.10452845692634583 0.052049241960048676 0.9931589365005493
V 0.005 -3.865172182315746e-09 -1.888031420094194e-07 -4.259030818939209
P 0.005 -0.07699999958276749 0.020000051707029343 -2.6090948581695557
IMU 0.005 -0.0030551823 -0.00063060055 0.0037636482 1.4651461 0.7272464 13.986741
DVL 0.005 -0.013014111 -0.015352082 -4.2639933
DEPTH 0.005 -2.626878
R 0.005 2.384185791015625e-07 0.9986292123794556 -0.0523359477519989 -0.9945216178894043 0.005470871925354004 0.10438520461320877 0.10452845692634583 0.052049241960048676 0.9931589365005493
V 0.005 -4.031938338755481e-09 -1.9632301473393454e-07 -4.237725257873535
P 0.005 -0.07699999958276749 0.020000053569674492 -2.6303231716156006
IMU 0.005 0.00056114275 0.0032362924 0.003257951 1.4621947 0.72759783 13.964111
DVL 0.005 0.017702945 0.00037592967 -4.2168994
DEPTH 0.005 -2.3216991
R 0.005 2.384185791015625e-07 0.9986292123794556 -0.0523359477519989 -0.9945216178894043 0.005470871925354004 0.10438520461320877 0.10452845692634583 0.052049241960048676 0.9931589365005493
V 0.005 -4.2047916259946305e-09 -2.0411938805864338e-07 -4.216525554656982
P 0.005 -0.07699999958276749 0.02000005729496479 -2.6514456272125244
IMU 0.005 5.8214344e-05 0.0027646539 7.116084e-05 1.4598523 0.7269053 13.942271
DVL 0.005 0.009252165 0.028306926 -4.195177
DEPTH 0.005 -2.747601
R 0.005 2.384185791015625e-07 0.9986292123794556 -0.0523359477519989 -0.9945216178894043 0.005470871925354004 0.10438520461320877 0.10452845692634583 0.052049241960048676 0.9931589365005493
V 0.005 -4.385947605101137e-09 -2.1229277535894653e-07 -4.195432186126709
P 0.005 -0.07699999958276749 0.02000005729496479 -2.672461986541748
IMU 0.005 -0.0027247227 0.0012276918 -0.0007557677 1.4578224 0.72535866 13.920822
DVL 0.005 0.025822856 -0.0035178633 -4.1511655
DEPTH 0.005 -2.586789
R 0.005 2.384185791015625e-07 0.9986292123794556 -0.0523359477519989 -0.9945216178894043 0.005470871925354004 0.10438520461320877 0.10452845692634583 0.052049241960048676 0.9931589365005493
V 0.005 -4.568660560977378e-09 -2.2053697534829553e-07 -4.174444198608398
P 0.005 -0.07699999958276749 0.02000006102025509 -2.693373680114746
IMU 0.005 -0.0031913503 -0.0007844545 -0.002424947 1.4554414 0.72443163 13.898563
DVL 0.005 -0.016656324 0.011073058 -4.1806526
DEPTH 0.005 -2.3497603
R 0.005 2.384185791015625e-07 0.9986292123794556 -0.0523359477519989 -0.9945216178894043 0.005470871925354004 0.10438520461320877 0.10452845692634583 0.052049241960048676 0.9931589365005493
V 0.005 -4.76635531043712e-09 -2.2946142053115182e-07 -4.153560638427734
P 0.005 -0.07699999958276749 0.02000006102025509 -2.7141804695129395
IMU 0.005 -0.002696208 -0.0012586233 -0.002147729 1.4532038 0.7217203 13.877542
DVL 0.005 0.028683672 -0.0040501514 -4.2001095
DEPTH 0.005 -2.6741374
R 0.005 2.384185791015625e-07 0.9986292123794556 -0.0523359477519989 -0.9945216178894043 0.005470871925354004 0.10438520461320877 0.10452845692634583 0.052049241960048676 0.9931589365005493
V 0.005 -4.965544864177218e-09 -2.3845396412980335e-07 -4.132781505584717
P 0.005 -0.07699999958276749 0.020000064745545387 -2.7348833084106445
IMU 0.005 -0.0056479536 -0.0028009557 -0.0025154618 1.451141 0.7216024 13.857699
DVL 0.005 -0.023158047 0.026093084 -4.1114187
DEPTH 0.005 -2.9427605
R 0.005 2.384185791015625e-07 0.9986292123794556 -0.0523359477519989 -0.9945216178894043 0.005470871925354004 0.10438520461320877 0.10452845692634583 0.052049241960048676 0.9931589365005493
V 0.005 -5.617119214207378e-09 -2.4773100903985323e-07 -4.112105846405029
P 0.005 -0.07699999958276749 0.020000066608190536 -2.7554824352264404
IMU 0.005 -0.004987779 -0.0051936912 -0.0051661218 1.4469649 0.72072166 13.836408
DVL 0.005 -0.030116638 0.020948604 -4.1089163
DEPTH 0.005 -2.2916763
R 0.005 2.384185791015625e-07 0.9986292123794556 -0.0523359477519989 -0.9945216178894043 0.005470871925354004 0.10438520461320877 0.10452845692634583 0.052049241960048676 0.9931589365005493
V 0.005 -6.425968201995147e-09 -2.5748556709004333e-07 -4.091533660888672
P 0.005 -0.07699999958276749 0.020000068470835686 -2.7759785652160645
IMU 0.005 -0.0026718008 -0.0021935399 -0.0025310325 1.4433172 0.7195298 13.815808
DVL 0.005 0.0067388024 -0.045774415 -4.096585
DEPTH 0.005 -2.8000169
R 0.005 2.384185791015625e-07 0.9986292123794556 -0.0523359477519989 -0.9945216178894043 0.005470871925354004 0.10438520461320877 0.10452845692634583 0.052049241960048676 0.9931589365005493
V 0.005 -7.2385004656894125e-09 -2.675083123904187e-07 -4.071064472198486
P 0.005 -0.07699999958276749 0.020000070333480835 -2.796372413635254
IMU 0.005 -0.0059143077 -0.0026470756 -0.0004980526 1.4421874 0.7181159 13.796335
DVL 0.005 0.0027399056 0.016522901 -4.036439
DEPTH 0.005 -3.0645328
R 0.005 2.384185791015625e-07 0.9986292123794556 -0.0523359477519989 -0.9945216178894043 0.005470871925354004 0.10438520461320877 0.10452845692634583 0.052049241960048676 0.9931589365005493
V 0.005 -8.059174660957069e-09 -2.780012664516107e-07 -4.050696849822998
P 0.005 -0.07699999958276749 0.020000075921416283 -2.8166637420654297
IMU 0.005 0.000178958 0.00022589877 -0.0037182902 1.4413592 0.7166008 13.775096
DVL 0.005 -0.0046653594 0.012154086 -4.0572524
DEPTH 0.005 -2.466853
R 0.005 2.384185791015625e-07 0.9986292123794556 -0.0523359477519989 -0.9945216178894043 0.005470871925354004 0.10438520461320877 0.10452845692634583 0.052049241960048676 0.9931589365005493
V 0.005 -8.894681435833718e-09 -2.8926771733495116e-07 -4.030430793762207
P 0.005 -0.07699999958276749 0.020000077784061432 -2.8368539810180664
IMU 0.005 -0.001399382 -4.0502415e-05 -0.002812744 1.4390414 0.71551204 13.754042
DVL 0.005 0.0017904142 0.0015622525 -3.9690185
DEPTH 0.005 -2.8431675
R 0.005 2.384185791015625e-07 0.9986292123794556 -0.0523359477519989 -0.9945216178894043 0.005470871925354004 0.10438520461320877 0.10452845692634583 0.052049241960048676 0.9931589365005493
V 0.005 -9.733770234277017e-09 -3.007965574397531e-07 -4.010265827178955
P 0.005 -0.07699999958276749 0.02000008150935173 -2.856942892074585
IMU 0.005 -0.0047674617 0.0016168002 -0.0034284042 1.4363832 0.71419305 13.734816
DVL 0.005 -0.040302895 0.0040414603 -4.0395293
DEPTH 0.005 -2.9395952
R 0.005 2.384185791015625e-07 0.9986292123794556 -0.0523359477519989 -0.9945216178894043 0.005470871925354004 0.10438520461320877 0.10452845692634583 0.052049241960048676 0.9931589365005493
V 0.005 -1.058090504102438e-08 -3.12790149337161e-07 -3.990201950073242
P 0.005 -0.07699999958276749 0.02000008337199688 -2.8769314289093018
IMU 0.005 0.0001865655 -0.0016936406 -0.0025459167 1.4328469 0.71227914 13.716416
DVL 0.005 -0.018576555 0.038905926 -4.0291657
DEPTH 0.005 -2.8081822
R 0.005 2.384185791015625e-07 0.9986292123794556 -0.0523359477519989 -0.9945216178894043 0.005470871925354004 0.10438520461320877 0.10452845692634583 0.052049241960048676 0.9931589365005493
V 0.005 -1.1431579238774248e-08 -3.250434588153439e-07 -3.970237970352173
P 0.005 -0.07699999958276749 0.02000008523464203 -2.896819591522217
IMU 0.005 -0.0052836468 -0.0032194324 -0.0031510603 1.4310318 0.7116102 13.696787
DVL 0.005 0.001665973 0.016950533 -3.9737797
DEPTH 0.005 -2.4867697
R 0.005 2.384185791015625e-07 0.9986292123794556 -0.0523359477519989 -0.9945216178894043 0.005470871925354004 0.10438520461320877 0.10452845692634583 0.052049241960048676 0.9931589365005493
V 0.005 -1.2290253259550354e-08 -3.3775856422835204e-07 -3.950373649597168
P 0.005 -0.07699999958276749 0.020000090822577477 -2.9166088104248047
IMU 0.005 -0.0040896484 0.0008709087 -0.004256698 1.4266659 0.7097781 13.676555
DVL 0.005 0.010895715 -0.018718872 -4.004202
DEPTH 0.005 -2.7465818
R 0.005 2.384185791015625e-07 0.9986292123794556 -0.0523359477519989 -0.9945216178894043 0.005470871925354004 0.10438520461320877 0.10452845692634583 0.052049241960048676 0.9931589365005493
V 0.005 -1.3163613310496203e-08 -3.5123869679409836e-07 -3.9306085109710693
P 0.005 -0.07699999958276749 0.020000092685222626 -2.9362988471984863
IMU 0.005 -0.0033867522 0.0022887655 -0.004042549 1.4261953 0.709618 13.656811
DVL 0.005 0.02998455 -0.016161008 -3.9257686
DEPTH 0.005 -2.9608521
R 0.005 2.384185791015625e-07 0.9986292123794556 -0.0523359477519989 -0.9945216178894043 0.005470871925354004 0.10438520461320877 0.10452845692634583 0.052049241960048676 0.9931589365005493
V 0.005 -1.4042657703328132e-08 -3.650747260053322e-07 -3.9109416007995605
P 0.005 -0.07699999958276749 0.020000096410512924 -2.95589017868042
IMU 0.005 -0.005030377 -0.0005549865 -0.0055257245 1.4242352 0.70776856 13.637621
DVL 0.005 -0.020724155 -0.0052964343 -3.88547
DEPTH 0.005 -2.7880583
R 0.005 2.384185791015625e-07 0.9986292123794556 -0.0523359477519989 -0.9945216178894043 0.005470871925354004 0.10438520461320877 0.10452845692634583 0.052049241960048676 0.9931589365005493
V 0.005 -1.4934069980654385e-08 -3.7956979781483824e-07 -3.8913733959198
P 0.005 -0.07699999958276749 0.020000100135803223 -2.9753835201263428
IMU 0.005 -0.003181983 -0.00051557407 -0.006305732 1.4233345 0.7058307 13.61868
DVL 0.005 0.028520884 0.023299417 -3.8775792
DEPTH 0.005 -3.1497965
R 0.005 2.384185791015625e-07 0.9986292123794556 -0.0523359477519989 -0.9945216178894043 0.005470871925354004 0.10438520461320877 0.10452845692634583 0.052049241960048676 0.9931589365005493
V 0.005 -1.5831091104701045e-08 -3.9441687249563984e-07 -3.8719029426574707
P 0.005 -0.07699999958276749 0.02000010386109352 -2.994779348373413
IMU 0.005 -0.008939268 -0.001460777 -0.005902389 1.4209841 0.7050701 13.599883
DVL 0.005 0.021986494 0.0066740103 -3.8441556
DEPTH 0.005 -2.8932633
R 0.005 2.384185791015625e-07 0.9986292123794556 -0.0523359477519989 -0.9945216178894043 0.005470871925354004 0.10438520461320877 0.10452845692634583 0.052049241960048676 0.9931589365005493
V 0.005 -1.6742655262191874e-08 -4.100209025637014e-07 -3.852529287338257
P 0.005 -0.07699999958276749 0.02000010944902897 -3.014078378677368
IMU 0.005 -0.009041208 -0.0012883964 -0.005767411 1.4171976 0.704207 13.5807495
DVL 0.005 -0.035606362 0.023224566 -3.854035
DEPTH 0.005 -3.0744936
R 0.005 2.384185791015625e-07 0.9986292123794556 -0.0523359477519989 -0.9945216178894043 0.005470871925354004 0.10438520461320877 0.10452845692634583 0.052049241960048676 0.9931589365005493
V 0.005 -1.7670942042968818e-08 -4.2648056819416524e-07 -3.833252429962158
P 0.005 -0.07699999958276749 0.020000111311674118 -3.033280611038208
IMU 0.005 -0.007379485 0.0008612028 -0.0062872116 1.4165705 0.7028989 13.561721
DVL 0.005 0.031213975 -0.06437281 -3.815366
DEPTH 0.005 -2.8091943
R 0.005 2.384185791015625e-07 0.9986292123794556 -0.0523359477519989 -0.9945216178894043 0.005470871925354004 0.10438520461320877 0.10452845692634583 0.052049241960048676 0.9931589365005493
V 0.005 -1.8604705331881632e-08 -4.432849038948916e-07 -3.8140718936920166
P 0.005 -0.07699999958276749 0.020000116899609566 -3.05238676071167
IMU 0.005 -0.007610741 -0.0011908431 -0.0069897715 1.4149227 0.70258015 13.542816
DVL 0.005 0.020720167 0.010497927 -3.7800953
DEPTH 0.005 -3.1908548
R 0.005 2.384185791015625e-07 0.9986292123794556 -0.0523359477519989 -0.9945216178894043 0.005470871925354004 0.10438520461320877 0.10452845692634583 0.052049241960048676 0.9931589365005493
V 0.005 -1.9552873098405144e-08 -4.608389474469732e-07 -3.7949867248535156
P 0.005 -0.07699999958276749 0.020000120624899864 -3.071397304534912
IMU 0.005 -0.0069488143 0.0022539434 -0.006776791 1.4143906 0.70131004 13.522611
DVL 0.005 0.004041149 -0.008050884 -3.8017561
DEPTH 0.005 -2.7135928
R 0.005 2.384185791015625e-07 0.9986292123794556 -0.0523359477519989 -0.9945216178894043 0.005470871925354004 0.10438520461320877 0.10452845692634583 0.052049241960048676 0.9931589365005493
V 0.005 -2.051539382819101e-08 -4.791397714143386e-07 -3.7759969234466553
P 0.005 -0.07699999958276749 0.020000126212835312 -3.0903127193450928
IMU 0.005 -0.006331946 0.0013783305 -0.010481881 1.4122026 0.70045686 13.504303
DVL 0.005 0.0013019124 -0.008096647 -3.7703726
DEPTH 0.005 -3.0565648
R 0.005 2.384185791015625e-07 0.9986292123794556 -0.0523359477519989 -0.9945216178894043 0.005470871925354004 0.10438520461320877 0.10452845692634583 0.052049241960048676 0.9931589365005493
V 0.005 -2.1492208901463528e-08 -4.981845336260449e-07 -3.7571020126342773
P 0.005 -0.07699999958276749 0.02000012993812561 -3.10913348197937
IMU 0.005 -0.010142881 -0.0014552724 -0.009435176 1.4117609 0.6997114 13.487278
DVL 0.005 0.04186018 0.048289258 -3.750972
DEPTH 0.005 -3.529894
R 0.005 2.384185791015625e-07 0.9986292123794556 -0.0523359477519989 -0.9945216178894043 0.005470871925354004 0.10438520461320877 0.10452845692634583 0.052049241960048676 0.9931589365005493
V 0.005 -2.2483268580231197e-08 -5.179704771762772e-07 -3.7383012771606445
P 0.005 -0.07699999958276749 0.020000135526061058 -3.1278603076934814
IMU 0.005 -0.009036133 -0.0022285776 -0.0059126024 1.4098773 0.6994262 13.468966
DVL 0.005 -0.002148059 -0.04967611 -3.7311902
DEPTH 0.005 -2.8265362
R 0.005 2.384185791015625e-07 0.9986292123794556 -0.0523359477519989 -0.9945216178894043 0.005470871925354004 0.10438520461320877 0.10452845692634583 0.052049241960048676 0.9931589365005493
V 0.005 -2.3488512468361478e-08 -5.384949304243491e-07 -3.719594717025757
P 0.005 -0.07699999958276749 0.020000141113996506 -3.146493434906006
IMU 0.005 -0.01019243 -0.00069456984 -0.00860929 1.4082212 0.69829094 13.449503
DVL 0.005 0.013158221 -0.061735947 -3.6911762
DEPTH 0.005 -3.558808
R 0.005 2.384185791015625e-07 0.9986292123794556 -0.0523359477519989 -0.9945216178894043 0.005470871925354004 0.10438520461320877 0.10452845692634583 0.052049241960048676 0.9931589365005493
V 0.005 -2.450565439460206e-08 -5.596533014795568e-07 -3.7009806632995605
P 0.005 -0.07699999958276749 0.020000146701931953 -3.1650328636169434
IMU 0.005 -0.011072482 -0.0014087368 -0.0067250254 1.4070892 0.6982965 13.430581
DVL 0.005 0.017004674 -0.0152128 -3.7130568
DEPTH 0.005 -3.155397
R 0.005 2.384185791015625e-07 0.9986292123794556 -0.0523359477519989 -0.9945216178894043 0.005470871925354004 0.10438520461320877 0.10452845692634583 0.052049241960048676 0.9931589365005493
V 0.005 -2.554807210231047e-08 -5.820528485855903e-07 -3.682459592819214
P 0.005 -0.07699999958276749 0.0200001522898674 -3.1834795475006104
IMU 0.005 -0.011408984 -0.0022617145 -0.0043166378 1.4056869 0.6982094 13.412664
DVL 0.005 -0.040288787 -0.013753407 -3.6923916
DEPTH 0.005 -3.3101985
R 0.005 2.384185791015625e-07 0.9986292123794556 -0.0523359477519989 -0.9945216178894043 0.005470871925354004 0.10438520461320877 0.10452845692634583 0.052049241960048676 0.9931589365005493
V 0.005 -2.6604489278270194e-08 -6.051809009477438e-07 -3.6640312671661377
P 0.005 -0.07699999958276749 0.0200001560151577 -3.2018344402313232
IMU 0.005 -0.013606588 -0.0036381327 -0.00617698 1.4043919 0.695862 13.39291
DVL 0.005 -0.041202996 0.023864469 -3.706855
DEPTH 0.005 -3.642903
R 0.005 2.384185791015625e-07 0.9986292123794556 -0.0523359477519989 -0.9945216178894043 0.005470871925354004 0.10438520461320877 0.10452845692634583 0.052049241960048676 0.9931589365005493
V 0.005 -2.7672612645801564e-08 -6.289333782660833e-07 -3.645695209503174
P 0.005 -0.07699999958276749 0.020000163465738297 -3.220097303390503
IMU 0.005 -0.011268071 -0.003708048 -0.005413438 1.4017568 0.69564104 13.376787
DVL 0.005 -0.024611484 -0.0053444197 -3.644509
DEPTH 0.005 -3.5549839
R 0.005 2.384185791015625e-07 0.9986292123794556 -0.0523359477519989 -0.9945216178894043 0.005470871925354004 0.10438520461320877 0.10452845692634583 0.052049241960048676 0.9931589365005493
V 0.005 -2.876359062042866e-08 -6.53815789064538e-07 -3.627450466156006
P 0.005 -0.07699999958276749 0.020000170916318893 -3.2382686138153076
IMU 0.005 -0.0148091195 -0.0032214671 -0.005304699 1.4001608 0.69505054 13.359204
DVL 0.005 0.031610202 -0.052405402 -3.6677575
DEPTH 0.005 -3.0197313
R 0.005 2.384185791015625e-07 0.9986292123794556 -0.0523359477519989 -0.9945216178894043 0.005470871925354004 0.10438520461320877 0.10452845692634583 0.052049241960048676 0.9931589365005493
V 0.005 -2.987732372616847e-08 -6.798237563998555e-07 -3.6092967987060547
P 0.005 -0.07699999958276749 0.02000017650425434 -3.2563490867614746
IMU 0.005 -0.01592406 -0.004579086 -0.0044838577 1.3978323 0.6932348 13.342886
DVL 0.005 0.0013129687 -0.026206952 -3.6390064
DEPTH 0.005 -3.424338
R 0.005 2.384185791015625e-07 0.9986292123794556 -0.0523359477519989 -0.9945216178894043 0.005470871925354004 0.10438520461320877 0.10452845692634583 0.052049241960048676 0.9931589365005493
V 0.005 -3.10047951757042e-08 -7.065467571010231e-07 -3.591233968734741
P 0.005 -0.07699999958276749 0.020000183954834938 -3.274339199066162
IMU 0.005 -0.014786967 -0.0050016977 -0.0063911527 1.3973719 0.69222337 13.324441
DVL 0.005 0.050178826 0.026633156 -3.5813322
DEPTH 0.005 -3.3068995
R 0.005 2.384185791015625e-07 0.9986292123794556 -0.0523359477519989 -0.9945216178894043 0.005470871925354004 0.10438520461320877 0.10452845692634583 0.052049241960048676 0.9931589365005493
V 0.005 -3.260354120016018e-08 -7.345035442085646e-07 -3.573261022567749
P 0.005 -0.07699999958276749 0.020000189542770386 -3.29223895072937
IMU 0.005 -0.015586658 -0.0055295965 -0.0051089684 1.395631 0.69301856 13.308058
DVL 0.005 -0.007299753 0.019458331 -3.5762677
DEPTH 0.005 -3.2203863
R 0.005 2.384185791015625e-07 0.9986292123794556 -0.0523359477519989 -0.9945216178894043 0.005470871925354004 0.10438520461320877 0.10452845692634583 0.052049241960048676 0.9931589365005493
V 0.005 -3.436944240320372e-08 -7.634772600795259e-07 -3.555377960205078
P 0.005 -0.07699999958276749 0.020000196993350983 -3.310049295425415
IMU 0.005 -0.015350499 -0.0036494967 -0.005055241 1.3926326 0.6923662 13.292452
DVL 0.005 0.030848833 -0.014909922 -3.543337
DEPTH 0.005 -3.5855641
R 0.005 2.384185791015625e-07 0.9986292123794556 -0.0523359477519989 -0.9945216178894043 0.005470871925354004 0.10438520461320877 0.10452845692634583 0.052049241960048676 0.9931589365005493
V 0.005 -3.6160063388024355e-08 -7.937646842037793e-07 -3.537584066390991
P 0.005 -0.07699999958276749 0.02000020444393158 -3.327770709991455
IMU 0.005 -0.013273321 -0.00182362 -0.004373415 1.3908063 0.6917051 13.273895
DVL 0.005 0.017129252 -0.022693796 -3.5594108
DEPTH 0.005 -2.9496977
R 0.005 2.384185791015625e-07 0.9986292123794556 -0.0523359477519989 -0.9945216178894043 0.005470871925354004 0.10438520461320877 0.10452845692634583 0.052049241960048676 0.9931589365005493
V 0.005 -3.7968586497072465e-08 -8.250559062616958e-07 -3.519879102706909
P 0.005 -0.07699999958276749 0.020000211894512177 -3.3454034328460693
IMU 0.005 -0.012327166 -0.0023216621 -0.004032103 1.3904305 0.68973076 13.257228
DVL 0.005 -0.026021142 -0.03584825 -3.4889677
DEPTH 0.005 -3.791201
R 0.005 2.384185791015625e-07 0.9986292123794556 -0.0523359477519989 -0.9945216178894043 0.005470871925354004 0.10438520461320877 0.10452845692634583 0.052049241960048676 0.9931589365005493
V 0.005 -3.9801662410354766e-08 -8.576516847824678e-07 -3.5022618770599365
P 0.005 -0.07699999958276749 0.020000221207737923 -3.3629472255706787
IMU 0.005 -0.0105193155 -0.00090599724 -0.0028838734 1.3892776 0.68937963 13.238586
DVL 0.005 -0.0011621888 0.05090638 -3.491494
DEPTH 0.005 -3.3499048
R 0.005 2.384185791015625e-07 0.9986292123794556 -0.0523359477519989 -0.9945216178894043 0.005470871925354004 0.10438520461320877 0.10452845692634583 0.052049241960048676 0.9931589365005493
V 0.005 -4.166143341421957e-08 -8.916489946386719e-07 -3.4847326278686523
P 0.005 -0.07699999958276749 0.02000022865831852 -3.3804032802581787
IMU 0.005 -0.010832552 -0.005303535 -0.0064952257 1.387479 0.6875964 13.22084
DVL 0.005 0.0028090936 -0.039686117 -3.5102232
DEPTH 0.005 -2.946954
R 0.005 2.384185791015625e-07 0.9986292123794556 -0.0523359477519989 -0.9945216178894043 0.005470871925354004 0.10438520461320877 0.10452845692634583 0.052049241960048676 0.9931589365005493
V 0.005 -4.354555827035256e-08 -9.269407428291743e-07 -3.4672911167144775
P 0.005 -0.07699999958276749 0.020000237971544266 -3.397772789001465
IMU 0.005 -0.008211049 -0.004211313 -0.0034078285 1.3860652 0.6874773 13.204063
DVL 0.005 0.022225715 0.0061977576 -3.4792888
DEPTH 0.005 -3.2081842
R 0.005 2.384185791015625e-07 0.9986292123794556 -0.0523359477519989 -0.9945216178894043 0.005470871925354004 0.10438520461320877 0.10452845692634583 0.052049241960048676 0.9931589365005493
V 0.005 -4.545842813286072e-08 -9.637257107897312e-07 -3.449937105178833
P 0.005 -0.07699999958276749 0.020000247284770012 -3.4150547981262207
IMU 0.005 -0.011692886 -0.0013047969 -0.004518635 1.3853842 0.6853822 13.187402
DVL 0.005 0.024793975 -0.010973038 -3.4315841
DEPTH 0.005 -3.4930015
R 0.005 2.384185791015625e-07 0.9986292123794556 -0.0523359477519989 -0.9945216178894043 0.005470871925354004 0.10438520461320877 0.10452845692634583 0.052049241960048676 0.9931589365005493
V 0.005 -4.7399947078474725e-08 -1.0019975889008492e-06 -3.4326696395874023
P 0.005 -0.07699999958276749 0.020000256597995758 -3.432250499725342
IMU 0.005 -0.008405777 -0.005732075 -0.006321304 1.3827021 0.68432814 13.169017
DVL 0.005 0.00866139 0.0007972373 -3.4017334
DEPTH 0.005 -3.4132712
R 0.005 2.384185791015625e-07 0.9986292123794556 -0.0523359477519989 -0.9945216178894043 0.005470871925354004 0.10438520461320877 0.10452845692634583 0.052049241960048676 0.9931589365005493
V 0.005 -4.936999076221582e-08 -1.0417512612548308e-06 -3.4154882431030273
P 0.005 -0.07699999958276749 0.020000265911221504 -3.4493603706359863
IMU 0.005 -0.010002403 -0.0091211265 -0.0022044282 1.380813 0.6822006 13.149631
DVL 0.005 -0.025421973 0.023174057 -3.427005
DEPTH 0.005 -3.4030697
R 0.005 2.384185791015625e-07 0.9986292123794556 -0.0523359477519989 -0.9945216178894043 0.005470871925354004 0.10438520461320877 0.10452845692634583 0.052049241960048676 0.9931589365005493
V 0.005 -5.1363976183438353e-08 -1.082777998817619e-06 -3.3983922004699707
P 0.005 -0.07699999958276749 0.02000027894973755 -3.466384172439575
IMU 0.005 -0.012557623 -0.008913496 -0.0054127113 1.3803384 0.68232787 13.132916
DVL 0.005 0.0035125671 0.00446124 -3.468975
DEPTH 0.005 -3.6927013
R 0.005 2.384185791015625e-07 0.9986292123794556 -0.0523359477519989 -0.9945216178894043 0.005470871925354004 0.10438520461320877 0.10452845692634583 0.052049241960048676 0.9931589365005493
V 0.005 -5.294661065136097e-08 -1.125567791859794e-06 -3.3813817501068115
P 0.005 -0.07699999213218689 0.020000288262963295 -3.483323097229004
IMU 0.005 -0.013141974 -0.0067986688 -0.0044571455 1.3787684 0.68078184 13.116371
DVL 0.005 -0.018838394 0.045973927 -3.3945582
DEPTH 0.005 -3.1326778
R 0.005 2.384185791015625e-07 0.9986292123794556 -0.0523359477519989 -0.9945216178894043 0.005470871925354004 0.10438520461320877 0.10452845692634583 0.052049241960048676 0.9931589365005493
V 0.005 -5.500775301925387e-08 -1.1699369224515976e-06 -3.3644564151763916
P 0.005 -0.07699999213218689 0.02000029943883419 -3.5001769065856934
IMU 0.005 -0.012109716 -0.0047053373 -0.0042899367 1.3791991 0.6805386 13.098951
DVL 0.005 -0.03451297 0.05177166 -3.362827
DEPTH 0.005 -3.346547
R 0.005 2.384185791015625e-07 0.9986292123794556 -0.0523359477519989 -0.9945216178894043 0.005470871925354004 0.10438520461320877 0.10452845692634583 0.052049241960048676 0.9931589365005493
V 0.005 -5.75523557699853e-08 -1.2161846143499133e-06 -3.3476152420043945
P 0.005 -0.07699999213218689 0.020000312477350235 -3.51694655418396
IMU 0.005 -0.008829289 -0.0073251636 -0.005696338 1.3773444 0.6787313 13.084119
DVL 0.005 -0.021112595 0.02277344 -3.3542438
DEPTH 0.005 -3.6770132
R 0.005 2.384185791015625e-07 0.9986292123794556 -0.0523359477519989 -0.9945216178894043 0.005470871925354004 0.10438520461320877 0.10452845692634583 0.052049241960048676 0.9931589365005493
V 0.005 -6.027846666256664e-08 -1.2641934290513746e-06 -3.330857992172241
P 0.005 -0.07699999213218689 0.02000032365322113 -3.5336320400238037
IMU 0.005 -0.013176685 -0.006580807 -0.0038991843 1.376286 0.67811126 13.066687
DVL 0.005 -0.019034123 -0.033497173 -3.3733363
DEPTH 0.005 -4.0325108
R 0.005 2.384185791015625e-07 0.9986292123794556 -0.0523359477519989 -0.9945216178894043 0.005470871925354004 0.10438520461320877 0.10452845692634583 0.052049241960048676 0.9931589365005493
V 0.005 -6.304135524715093e-08 -1.31415504256438e-06 -3.31418514251709
P 0.005 -0.07699999213218689 0.020000334829092026 -3.550234317779541
IMU 0.005 -0.012738826 -0.0071548554 -0.0029770308 1.3746109 0.67637295 13.048958
DVL 0.005 0.010755566 -0.0056233048 -3.3488657
DEPTH 0.005 -3.9652648
R 0.005 2.384185791015625e-07 0.9986292123794556 -0.0523359477519989 -0.9945216178894043 0.005470871925354004 0.10438520461320877 0.10452845692634583 0.052049241960048676 0.9931589365005493
V 0.005 -6.583864831100072e-08 -1.3659612250194186e-06 -3.2975950241088867
P 0.005 -0.07699999213218689 0.02000034973025322 -3.566753387451172
IMU 0.005 -0.009884433 -0.005669392 -0.0008767999 1.3722016 0.672628 13.033824
DVL 0.005 0.05387143 -0.0656263 -3.3126485
DEPTH 0.005 -3.2725134
R 0.005 2.384185791015625e-07 0.9986292123794556 -0.0523359477519989 -0.9945216178894043 0.005470871925354004 0.10438520461320877 0.10452845692634583 0.052049241960048676 0.9931589365005493
V 0.005 -6.867917079489416e-08 -1.420010789843218e-06 -3.28108811378479
P 0.005 -0.07699999213218689 0.020000362768769264 -3.5831897258758545
IMU 0.005 -0.011234046 -0.0136676775 -0.0022635355 1.3700727 0.6719999 13.016759
DVL 0.005 -0.04189643 0.016311107 -3.2437892
DEPTH 0.005 -4.1151886
R 0.005 2.384185791015625e-07 0.9986292123794556 -0.0523359477519989 -0.9945216178894043 0.005470871925354004 0.10438520461320877 0.10452845692634583 0.052049241960048676 0.9931589365005493
V 0.005 -7.155827574933937e-08 -1.4760923932044534e-06 -3.264662981033325
P 0.005 -0.07699999213218689 0.02000037580728531 -3.599543571472168
IMU 0.005 -0.012146505 -0.011136104 -0.0012430901 1.3677404 0.6729254 13.0006275
DVL 0.005 0.006978324 -0.020783015 -3.3036437
DEPTH 0.005 -3.4437387
R 0.005 2.384185791015625e-07 0.9986292123794556 -0.0523359477519989 -0.9945216178894043 0.005470871925354004 0.10438520461320877 0.10452845692634583 0.052049241960048676 0.9931589365005493
V 0.005 -7.44802974850245e-08 -1.534401690150844e-06 -3.2483198642730713
P 0.005 -0.07699999213218689 0.020000392571091652 -3.6158158779144287
IMU 0.005 -0.010957587 -0.014872295 -0.0033084496 1.3667041 0.6740756 12.985478
DVL 0.005 -0.0003057325 0.008739683 -3.269014
DEPTH 0.005 -3.310953
R 0.005 2.384185791015625e-07 0.9986292123794556 -0.0523359477519989 -0.9945216178894043 0.005470871925354004 0.10438520461320877 0.10452845692634583 0.052049241960048676 0.9931589365005493
V 0.005 -7.715180316836268e-08 -1.5951244449752267e-06 -3.232058525085449
P 0.005 -0.07699998468160629 0.020000407472252846 -3.6320066452026367
IMU 0.005 -0.0101020755 -0.01256708 -0.00032059915 1.3642776 0.67456615 12.970262
DVL 0.005 0.009880141 0.029496469 -3.2195077
DEPTH 0.005 -3.788394
R 0.005 2.384185791015625e-07 0.9986292123794556 -0.0523359477519989 -0.9945216178894043 0.005470871925354004 0.10438520461320877 0.10452845692634583 0.052049241960048676 0.9931589365005493
V 0.005 -8.031368992078569e-08 -1.6580708006586065e-06 -3.2158782482147217
P 0.005 -0.07699998468160629 0.02000042423605919 -3.64811635017395
IMU 0.005 -0.0069377627 -0.015255194 -0.0028695702 1.3628638 0.67359215 12.954251
DVL 0.005 0.037519656 0.029012585 -3.2228436
DEPTH 0.005 -3.2499325
R 0.005 2.384185791015625e-07 0.9986292123794556 -0.0523359477519989 -0.9945216178894043 0.005470871925354004 0.10438520461320877 0.10452845692634583 0.052049241960048676 0.9931589365005493
V 0.005 -8.396793305109895e-08 -1.7234356164408382e-06 -3.1997790336608887
P 0.005 -0.07699998468160629 0.02000044286251068 -3.6641454696655273
IMU 0.005 -0.008921664 -0.013345092 0.003996104 1.3625821 0.6735754 12.938386
DVL 0.005 -0.013593405 -0.0034914738 -3.2386892
DEPTH 0.005 -3.842528
R 0.005 2.384185791015625e-07 0.9986292123794556 -0.0523359477519989 -0.9945216178894043 0.005470871925354004 0.10438520461320877 0.10452845692634583 0.052049241960048676 0.9931589365005493
V 0.005 -8.768232362399431e-08 -1.791907379811164e-06 -3.1837596893310547
P 0.005 -0.07699998468160629 0.020000457763671875 -3.6800942420959473
IMU 0.005 -0.007163832 -0.011038617 0.00042153156 1.3609015 0.6737417 12.92133
DVL 0.005 -0.015108092 0.0063735046 -3.2133691
DEPTH 0.005 -3.7559988
R 0.005 2.384185791015625e-07 0.9986292123794556 -0.0523359477519989 -0.9945216178894043 0.005470871925354004 0.10438520461320877 0.10452845692634583 0.052049241960048676 0.9931589365005493
V 0.005 -9.143426638047458e-08 -1.8624587028170936e-06 -3.167820453643799
P 0.005 -0.07699998468160629 0.020000476390123367 -3.695963144302368
IMU 0.005 -0.009975842 -0.013846402 0.0023434188 1.3598694 0.67245835 12.907405
DVL 0.005 -0.02255265 -0.031397182 -3.1867876
DEPTH 0.005 -3.477639
R 0.005 2.384185791015625e-07 0.9986292123794556 -0.0523359477519989 -0.9945216178894043 0.005470871925354004 0.10438520461320877 0.10452845692634583 0.052049241960048676 0.9931589365005493
V 0.005 -9.524372757141464e-08 -1.935996124302619e-06 -3.151960611343384
P 0.005 -0.07699998468160629 0.02000049501657486 -3.7117526531219482
IMU 0.005 -0.010681251 -0.014299691 0.0014458732 1.3591276 0.6733934 12.891829
DVL 0.005 -0.008911851 0.014902242 -3.1712368
DEPTH 0.005 -3.9615622
R 0.005 2.384185791015625e-07 0.9986292123794556 -0.0523359477519989 -0.9945216178894043 0.005470871925354004 0.10438520461320877 0.10452845692634583 0.052049241960048676 0.9931589365005493
V 0.005 -9.911057219369468e-08 -2.0125078208366176e-06 -3.1361804008483887
P 0.005 -0.07699998468160629 0.020000513643026352 -3.7274630069732666
IMU 0.005 -0.009030096 -0.014131849 -0.0013780677 1.3577976 0.67138654 12.8752775
DVL 0.005 -0.03872811 0.072554775 -3.1441107
DEPTH 0.005 -3.708038
R 0.005 2.384185791015625e-07 0.9986292123794556 -0.0523359477519989 -0.9945216178894043 0.005470871925354004 0.10438520461320877 0.10452845692634583 0.052049241960048676 0.9931589365005493
V 0.005 -1.0258809624019705e-07 -2.091970145556843e-06 -3.120478391647339
P 0.005 -0.07699998468160629 0.020000534132122993 -3.7430949211120605
IMU 0.005 -0.008933089 -0.01454413 0.0012922953 1.3558738 0.66820425 12.858175
DVL 0.005 0.014871116 0.001198205 -3.0934446
DEPTH 0.005 -3.9634686
R 0.005 2.384185791015625e-07 0.9986292123794556 -0.0523359477519989 -0.9945216178894043 0.005470871925354004 0.10438520461320877 0.10452845692634583 0.052049241960048676 0.9931589365005493
V 0.005 -1.0702151342911748e-07 -2.1746147922385717e-06 -3.1048545837402344
P 0.005 -0.07699998468160629 0.020000558346509933 -3.758647918701172
IMU 0.005 -0.009846333 -0.016053075 -9.1272086e-05 1.3553056 0.66629684 12.842846
DVL 0.005 -0.01523572 -0.014097531 -3.08216
DEPTH 0.005 -3.359402
R 0.005 2.980232238769531e-07 0.9986292123794556 -0.05233605206012726 -0.9945217370986938 0.0054708123207092285 0.10438340902328491 0.10452665388584137 0.05204936861991882 0.9931591153144836
V 0.005 -1.1167420410629347e-07 -2.260915380247752e-06 -3.089308977127075
P 0.005 -0.07700003683567047 0.019999712705612183 -3.7741241455078125
IMU 0.005 -0.009766851 -0.01683244 -0.0021543843 1.3553213 0.6642777 12.8293915
DVL 0.005 0.0006324237 -0.01455124 -3.086214
